daynum,id,date,retweet_count,reply_count,like_count,quote_count
1,1647243754212933633,2023-04-15,0,0,1,0
2,1647537684133412865,2023-04-16,0,0,0,0
3,1648073274457309187,2023-04-17,0,0,0,0
4,1648403408741707777,2023-04-18,0,0,1,0
5,1649884631582253059,2023-04-22,0,0,1,0
6,1653026148110958594,2023-05-01,0,0,2,0
7,1653282990426927105,2023-05-02,0,0,1,0
8,1661067193872793621,2023-05-23,0,0,0,0
9,1665079614996205568,2023-06-03,0,0,3,0
10,1665431026263379970,2023-06-04,0,0,2,0
11,1665827172727259138,2023-06-05,0,0,0,0
12,1669433800844103704,2023-06-15,0,0,1,0
13,1670897662730678272,2023-06-19,0,0,1,0
14,1671276231269007361,2023-06-20,0,0,1,0
15,1672673816567218176,2023-06-24,0,0,1,0
16,1672871591359725568,2023-06-25,0,0,1,0
17,1677657344820256769,2023-07-08,0,0,1,0
18,1697693678607700375,2023-09-01,0,0,0,0
19,1703002573244895700,2023-09-16,0,0,0,0
20,1703436912235614704,2023-09-17,0,0,0,0
21,1703809500216475731,2023-09-18,0,0,0,0
22,1705322524769198511,2023-09-22,0,0,7,0
23,1705347446866407894,2023-09-22,0,0,1,0
24,1719721224006201574,2023-11-01,0,0,0,0
25,1723788824700961072,2023-11-12,0,0,0,0
26,1743312855527485591,2024-01-05,0,0,0,0
27,1743574090521202964,2024-01-06,0,0,0,0
28,1745208201832722706,2024-01-10,0,0,1,0
29,1745561302716534993,2024-01-11,0,0,2,0
30,1748065859694661818,2024-01-18,0,0,1,0
31,1748428682887114944,2024-01-19,0,0,0,0
32,1748631474981503328,2024-01-20,0,0,1,0
33,1749515697632272773,2024-01-22,0,0,1,0
34,1749906460509630468,2024-01-23,0,0,3,0
35,1753197104967598329,2024-02-01,0,0,1,0
36,1756275479366000841,2024-02-10,0,0,0,0
37,1761803998942605672,2024-02-25,0,0,1,0
38,1768044246798373181,2024-03-13,0,0,0,0
39,1769347834619244692,2024-03-17,0,0,0,0
40,1771534953521541614,2024-03-23,0,0,1,0
41,1771826186663965157,2024-03-24,0,0,0,0
42,1773305997517357339,2024-03-28,0,0,1,0
43,1779606666993979652,2024-04-14,0,0,3,0
44,1809290301066080671,2024-07-05,0,0,0,0
45,1812840708409037211,2024-07-15,0,0,0,0
46,1814744165495824695,2024-07-20,0,0,0,0
47,1815436437346505072,2024-07-22,0,0,0,0
48,1816169868988760176,2024-07-24,0,0,0,0
49,1816874539118113092,2024-07-26,0,0,1,0
50,1819154266277445703,2024-08-02,0,0,0,0
51,1819265700101341393,2024-08-02,0,0,0,0
52,1819823120045293703,2024-08-03,1,0,1,0
